Bz=1.00000000000000
dw_width=1.40000000000000
E_exchangeFitParams=6.223254189101737,-2.6007199734991753,0.01476691692546349,-0.32733649598375186
E_magnetic_integralFitParams=-0.9795788040928108,-0.2568912181266352,-0.9111279495133716
E_electric_integralFitParams=-3.109548909542874,-0.23479556868577034
alpha=0.0100000000000000
F_RexFitParams=0.6840912303478545,7.235718698381764,6.089743954195844,-4.49112631146208,-0.03550324298290857,1.0809025191818709
Gamma11FitParams=3.301617726034776,1.5145712787988084,-0.16014648191437256,-1.346701384414276
Gamma22FitParams=2.8420362739397005,-0.3254701541341602
G12FitParams=1.93122500516096,0.481465627540261
Xi1FitParams=0.6179887112340071,-3.0699571611982712,5.419382326370105,-3.5701132246761627,-0.022329283650751108,0.5327067893782506
Xi2FitParams=-0.8094504507413802,4.311591717674734,-8.24275740770675,5.88458087497204,0.05443979599604243,-4.183986398679429
Xi3FitParams=-0.7413214970219375,3.949015007128684,-7.715970873162609,6.6182210752929915,0.06375397081909161,-1.2115331386356372
Xi4FitParams=-2.999746489828765,-1.0985675652066147
OptimalSkyrmionRadius=1.4597597597597596
